29
48
4
53
63
78
33
100
11
22
92
37
11
88
22
70
58
53
57
36
40
22
6
22
91
52
25
16
46
20
84
6
75
93
86
80
90
8
74
100
5
31
28
30
12
84
96
97
61
41
76
57
69
64
2
57
40
52
98
66
64
12
16
84
42
8
67
28
53
20
68
11
99
76
36
2
32
62
36
79
80
71
95
36
58
22
5
91
20
43
81
79
16
82
12
68
4
79
15
57
2
1
68
96
15
98
70
79
50
63
75
31
38
67
39
30
68
25
40
47
68
90
78
62
16
35
79
76
95
3
57
97
28
23
52
71
57
35
69
59
59
66
28
46
67
59
50
10
22
11
45
22
90
87
1
41
1
56
37
88
91
53
71
21
58
13
61
59
46
86
1
43
78
56
55
44
51
84
59
38
89
10
91
40
44
68
21
36
61
49
50
56
58
97
3
94
56
74
2
63
35
90
95
12
17
48
47
61
91
76
34
44
60
8
31
2
21
87
84
39
91
33
59
55
34
67
17
53
61
66
62
35
51
94
39
61
49
12
81
69
41
31
7
98
95
52
32
97
22
98
30
40
80
20
63
34
72
15
91
69
70
1
74
34
36
85
45
66
5
20
61
18
82
57
89
39
51
82
98
95
4
45
14
16
31
91
68
43
72
29
67
15
100
7
12
57
77
59
45
90
92
100
16
58
22
78
15
81
76
18
95
7
26
99
91
43
44
9
31
31
83
35
40
83
73
80
62
14
48
28
47
71
84
3
56
26
50
15
26
75
17
13
95
12
16
57
71
47
43
70
93
23
25
87
68
40
33
59
83
76
50
58
15
25
88
37
11
60
82
27
99
5
85
42
65
20
63
43
94
7
42
11
59
12
10
24
10
80
37
39
11
27
10
34
81
8
98
24
64
99
8
53
50
32
88
43
84
17
20
31
67
16
1
33
68
49
37
11
93
23
47
84
46
28
53
4
69
39
76
20
98
26
89
55
83
59
68
27
67
33
22
50
94
88
83
75
8
24
100
13
52
10
93
42
78
69
86
38
31
73
100
76
25
59
4
28
43
82
47
5
11
56
37
61
49
49
51
81
92
67
84
96
22
90
60
87
10
44
94
70
92
28
70
41
2
71
56
28
77
98
15
51
14
78
39
71
66
18
73
39
26
48
53
33
87
7
18
98
20
92
80
9
22
71
40
64
99
61
31
88
10
99
13
68
79
72
8
96
44
74
22
66
97
15
76
16
10
13
19
98
83
90
97
77
12
96
13
7
97
99
11
81
76
96
68
65
69
66
11
54
55
46
1
93
94
54
74
44
57
90
79
53
9
74
96
62
65
34
10
51
11
68
53
25
23
63
51
24
34
43
100
75
82
37
75
37
89
48
71
96
79
63
68
19
69
37
4
98
88
13
42
44
34
17
11
18
17
67
52
72
16
59
34
83
78
89
86
35
63
53
32
54
97
87
22
69
72
31
93
79
88
50
9
1
76
99
18
49
77
32
16
15
47
11
33
38
10
52
74
84
32
23
87
13
94
22
91
73
97
24
52
29
70
49
40
81
72
59
99
75
81
59
92
96
20
5
66
62
46
61
14
14
40
62
90
57
85
98
68
31
33
92
75
6
93
38
42
97
98
86
81
24
79
16
19
88
29
75
2
60
91
59
93
72
11
30
66
12
3
96
76
33
95
85
90
19
42
66
23
30
54
34
38
54
46
75
84
41
94
31
60
28
35
35
49
2
66
45
2
94
52
20
73
90
22
25
34
88
30
8
31
38
15
69
57
14
80
40
89
35
86
69
31
78
43
52
19
94
16
6
2
46
95
95
38
95
14
15
12
88
55
97
97
52
59
34
99
34
73
95
16
47
39
70
1
24
20
50
40
18
1
58
46
31
82
4
7
72
54
63
26
73
70
42
12
19
77
48
12
82
81
13
79
75
3
75
25
82
33
1
80
92
58
4
16
62
32
20
87
31
4
18
19
84
9
78
30
29
8
44
85
53
43
46
83
93
44
32
35
39
63
25
60
35
44
17
72
42
66
56
62
97
57
99
16
22
70
10
77
21
47
81
64
21
70
47
55
27
48
95
72
23
53
65
90
100
6
75
50
52
50
81
33
1
59
89
9
27
21
29
43
51
2
98
74
10
16
73
79
59
52
69
74
72
14
53
75
49
48
32
99
11
8
56
86
14
5
48
64
96
3
71
3
30
21
32
88
3
6
30
90
29
89
82
42
93
64
1
68
20
9
2
65
46
60
96
100
15
55
47